ID,Title,Link,Type,Season,Year,Character,CharacterLink,CharacterID,CharacterRole,CharacterFavorites
49785,Fairy Tail: 100-nen Quest,https://myanimelist.net/anime/49785/Fairy_Tail__100-nen_Quest,TV,Summer,2024,Frosch,https://myanimelist.net/character/51183/Frosch,51183,Supporting,414
56835,Code Geass: Dakkan no Rozé,https://myanimelist.net/anime/56835/Code_Geass__Dakkan_no_Rozé,ONA,,2024,"Araki, Youko",https://myanimelist.net/character/246535/Youko_Araki,246535,Supporting,0
58689,Yuanshen: Jinzhong Ge,https://myanimelist.net/anime/58689/Yuanshen__Jinzhong_Ge,ONA,,2024,Clervie,https://myanimelist.net/character/246945/Clervie,246945,Supporting,0
48418,"Maou Gakuin no Futekigousha II: Shijou Saikyou no Maou no Shiso, Tensei shite Shison-tachi no Gakkou e Kayou Part 2",https://myanimelist.net/anime/48418/Maou_Gakuin_no_Futekigousha_II__Shijou_Saikyou_no_Maou_no_Shiso_Tensei_shite_Shison-tachi_no_Gakkou_e_Kayou_Part_2,TV,Spring,2024,"Ludowell, Emilia",https://myanimelist.net/character/185025/Emilia_Ludowell,185025,Supporting,20
48418,"Maou Gakuin no Futekigousha II: Shijou Saikyou no Maou no Shiso, Tensei shite Shison-tachi no Gakkou e Kayou Part 2",https://myanimelist.net/anime/48418/Maou_Gakuin_no_Futekigousha_II__Shijou_Saikyou_no_Maou_no_Shiso_Tensei_shite_Shison-tachi_no_Gakkou_e_Kayou_Part_2,TV,Spring,2024,"Arnest, Jessica",https://myanimelist.net/character/185598/Jessica_Arnest,185598,Supporting,1
56738,Shinigami Bocchan to Kuro Maid 3rd Season,https://myanimelist.net/anime/56738/Shinigami_Bocchan_to_Kuro_Maid_3rd_Season,TV,Spring,2024,Sade,https://myanimelist.net/character/235101/Sade,235101,Supporting,3
53580,Tensei shitara Slime Datta Ken 3rd Season,https://myanimelist.net/anime/53580/Tensei_shitara_Slime_Datta_Ken_3rd_Season,TV,Spring,2024,"Izawa, Shizue",https://myanimelist.net/character/131934/Shizue_Izawa,131934,Supporting,804
51180,Youkoso Jitsuryoku Shijou Shugi no Kyoushitsu e 3rd Season,https://myanimelist.net/anime/51180/Youkoso_Jitsuryoku_Shijou_Shugi_no_Kyoushitsu_e_3rd_Season,TV,Winter,2024,"Wang, Mei Yu",https://myanimelist.net/character/153521/Mei_Yu_Wang,153521,Supporting,4
51794,Nanatsu no Taizai: Mokushiroku no Yonkishi,https://myanimelist.net/anime/51794/Nanatsu_no_Taizai__Mokushiroku_no_Yonkishi,TV,Fall,2023,Burgie,https://myanimelist.net/character/243910/Burgie,243910,Supporting,0
40357,Tate no Yuusha no Nariagari Season 3,https://myanimelist.net/anime/40357/Tate_no_Yuusha_no_Nariagari_Season_3,TV,Fall,2023,"Seaetto, Eclair",https://myanimelist.net/character/112919/Eclair_Seaetto,112919,Supporting,16
54141,Bastard!! Ankoku no Hakaishin: Jigoku no Chinkonka-hen,https://myanimelist.net/anime/54141/Bastard_Ankoku_no_Hakaishin__Jigoku_no_Chinkonka-hen,ONA,,2023,Marie,https://myanimelist.net/character/254609/Marie,254609,Supporting,0
49858,Shinigami Bocchan to Kuro Maid 2nd Season,https://myanimelist.net/anime/49858/Shinigami_Bocchan_to_Kuro_Maid_2nd_Season,TV,Summer,2023,Sade,https://myanimelist.net/character/235101/Sade,235101,Supporting,3
51498,Masamune-kun no Revenge R,https://myanimelist.net/anime/51498/Masamune-kun_no_Revenge_R,TV,Summer,2023,"Kiba, Kikune",https://myanimelist.net/character/146231/Kikune_Kiba,146231,Supporting,19
53129,Seishun Buta Yarou wa Odekake Sister no Yume wo Minai,https://myanimelist.net/anime/53129/Seishun_Buta_Yarou_wa_Odekake_Sister_no_Yume_wo_Minai,Movie,,2023,"Kamisato, Saki",https://myanimelist.net/character/167531/Saki_Kamisato,167531,Supporting,31
53129,Seishun Buta Yarou wa Odekake Sister no Yume wo Minai,https://myanimelist.net/anime/53129/Seishun_Buta_Yarou_wa_Odekake_Sister_no_Yume_wo_Minai,Movie,,2023,Uzuki's Mother,https://myanimelist.net/character/239454/Uzuki_039_s_Mother,239454,Supporting,0
53876,Pokemon (2023),https://myanimelist.net/anime/53876/Pokemon_2023,TV,Spring,2023,Lucca,https://myanimelist.net/character/231485/Lucca,231485,Supporting,0
51958,Kono Subarashii Sekai ni Bakuen wo!,https://myanimelist.net/anime/51958/Kono_Subarashii_Sekai_ni_Bakuen_wo,TV,Spring,2023,Arnes,https://myanimelist.net/character/229636/Arnes,229636,Supporting,4
51632,Isekai wa Smartphone to Tomo ni. 2,https://myanimelist.net/anime/51632/Isekai_wa_Smartphone_to_Tomo_ni_2,TV,Spring,2023,Tsubaki,https://myanimelist.net/character/154771/Tsubaki,154771,Supporting,5
48417,"Maou Gakuin no Futekigousha II: Shijou Saikyou no Maou no Shiso, Tensei shite Shison-tachi no Gakkou e Kayou",https://myanimelist.net/anime/48417/Maou_Gakuin_no_Futekigousha_II__Shijou_Saikyou_no_Maou_no_Shiso_Tensei_shite_Shison-tachi_no_Gakkou_e_Kayou,TV,Winter,2023,"Ludowell, Emilia",https://myanimelist.net/character/185025/Emilia_Ludowell,185025,Supporting,20
48417,"Maou Gakuin no Futekigousha II: Shijou Saikyou no Maou no Shiso, Tensei shite Shison-tachi no Gakkou e Kayou",https://myanimelist.net/anime/48417/Maou_Gakuin_no_Futekigousha_II__Shijou_Saikyou_no_Maou_no_Shiso_Tensei_shite_Shison-tachi_no_Gakkou_e_Kayou,TV,Winter,2023,"Arnest, Jessica",https://myanimelist.net/character/185598/Jessica_Arnest,185598,Supporting,1
49709,Fumetsu no Anata e Season 2,https://myanimelist.net/anime/49709/Fumetsu_no_Anata_e_Season_2,TV,Fall,2022,Hisame,https://myanimelist.net/character/159238/Hisame,159238,Supporting,2
49784,Mairimashita! Iruma-kun 3rd Season,https://myanimelist.net/anime/49784/Mairimashita_Iruma-kun_3rd_Season,TV,Fall,2022,Paimon,https://myanimelist.net/character/177459/Paimon,177459,Supporting,1
50663,Poputepipikku 2nd Season,https://myanimelist.net/anime/50663/Poputepipikku_2nd_Season,TV,Fall,2022,Pipimi,https://myanimelist.net/character/148257/Pipimi,148257,Main,340
49918,Boku no Hero Academia 6th Season,https://myanimelist.net/anime/49918/Boku_no_Hero_Academia_6th_Season,TV,Fall,2022,"Tokage, Setsuna",https://myanimelist.net/character/141601/Setsuna_Tokage,141601,Supporting,14
51096,Youkoso Jitsuryoku Shijou Shugi no Kyoushitsu e 2nd Season,https://myanimelist.net/anime/51096/Youkoso_Jitsuryoku_Shijou_Shugi_no_Kyoushitsu_e_2nd_Season,TV,Summer,2022,"Wang, Mei Yu",https://myanimelist.net/character/153521/Mei_Yu_Wang,153521,Supporting,4
51417,Engage Kiss,https://myanimelist.net/anime/51417/Engage_Kiss,TV,Summer,2022,"Yuugiri, Akino",https://myanimelist.net/character/211805/Akino_Yuugiri,211805,Supporting,2
41750,Koukaku Kidoutai: SAC_2045 Season 2,https://myanimelist.net/anime/41750/Koukaku_Kidoutai__SAC_2045_Season_2,ONA,,2022,"Mizukane, Suzuka",https://myanimelist.net/character/219687/Suzuka_Mizukane,219687,Supporting,0
48675,Kakkou no Iinazuke,https://myanimelist.net/anime/48675/Kakkou_no_Iinazuke,TV,Spring,2022,"Amano, Sousuke",https://myanimelist.net/character/218086/Sousuke_Amano,218086,Supporting,1
40356,Tate no Yuusha no Nariagari Season 2,https://myanimelist.net/anime/40356/Tate_no_Yuusha_no_Nariagari_Season_2,TV,Spring,2022,"Seaetto, Eclair",https://myanimelist.net/character/112919/Eclair_Seaetto,112919,Supporting,16
49831,Black★★Rock Shooter:  Dawn Fall,https://myanimelist.net/anime/49831/Black★★Rock_Shooter___Dawn_Fall,TV,Spring,2022,Dead Master,https://myanimelist.net/character/25034/Dead_Master,25034,Main,505
49291,Magia Record: Mahou Shoujo Madoka☆Magica Gaiden Final Season - Asaki Yume no Akatsuki,https://myanimelist.net/anime/49291/Magia_Record__Mahou_Shoujo_Madoka☆Magica_Gaiden_Final_Season_-_Asaki_Yume_no_Akatsuki,TV Special,,2022,"Yakumo, Mitama",https://myanimelist.net/character/173726/Mitama_Yakumo,173726,Supporting,26
47159,Tensai Ouji no Akaji Kokka Saisei Jutsu,https://myanimelist.net/anime/47159/Tensai_Ouji_no_Akaji_Kokka_Saisei_Jutsu,TV,Winter,2022,Zeno,https://myanimelist.net/character/205640/Zeno,205640,Supporting,29
48583,Shingeki no Kyojin: The Final Season Part 2,https://myanimelist.net/anime/48583/Shingeki_no_Kyojin__The_Final_Season_Part_2,TV,Winter,2022,"Reiss, Frieda",https://myanimelist.net/character/146020/Frieda_Reiss,146020,Supporting,25
49930,Genjitsu Shugi Yuusha no Oukoku Saikenki Part 2,https://myanimelist.net/anime/49930/Genjitsu_Shugi_Yuusha_no_Oukoku_Saikenki_Part_2,TV,Winter,2022,"Euphoria, Maria",https://myanimelist.net/character/191821/Maria_Euphoria,191821,Supporting,2
48553,Akebi-chan no Sailor-fuku,https://myanimelist.net/anime/48553/Akebi-chan_no_Sailor-fuku,TV,Winter,2022,"Minakami, Riri",https://myanimelist.net/character/204826/Riri_Minakami,204826,Supporting,6
50204,Tokyo 24-ku,https://myanimelist.net/anime/50204/Tokyo_24-ku,TV,Winter,2022,"Suidou, Kanae",https://myanimelist.net/character/204735/Kanae_Suidou,204735,Supporting,0
35136,Koukyoushihen Eureka Seven Hi-Evolution 3: Eureka,https://myanimelist.net/anime/35136/Koukyoushihen_Eureka_Seven_Hi-Evolution_3__Eureka,Movie,,2021,"Yuuki, Talho",https://myanimelist.net/character/1530/Talho_Yuuki,1530,Supporting,168
44037,"Shin no Nakama ja Nai to Yuusha no Party wo Oidasareta node, Henkyou de Slow Life suru Koto ni Shimashita",https://myanimelist.net/anime/44037/Shin_no_Nakama_ja_Nai_to_Yuusha_no_Party_wo_Oidasareta_node_Henkyou_de_Slow_Life_suru_Koto_ni_Shimashita,TV,Fall,2021,"Dephilo, Theodora",https://myanimelist.net/character/204659/Theodora_Dephilo,204659,Supporting,2
42544,Kaizoku Oujo,https://myanimelist.net/anime/42544/Kaizoku_Oujo,TV,Fall,2021,"O'Malley, Grace",https://myanimelist.net/character/201781/Grace_O_039_Malley,201781,Supporting,4
48804,Isekai Shokudou 2,https://myanimelist.net/anime/48804/Isekai_Shokudou_2,TV,Fall,2021,Fardania,https://myanimelist.net/character/153078/Fardania,153078,Supporting,4
49730,Pokemon Evolutions,https://myanimelist.net/anime/49730/Pokemon_Evolutions,ONA,,2021,Lusamine,https://myanimelist.net/character/147201/Lusamine,147201,Supporting,28
44200,Boku no Hero Academia the Movie 3: World Heroes' Mission,https://myanimelist.net/anime/44200/Boku_no_Hero_Academia_the_Movie_3__World_Heroes_Mission,Movie,,2021,"Tokage, Setsuna",https://myanimelist.net/character/141601/Setsuna_Tokage,141601,Supporting,14
41530,Magia Record: Mahou Shoujo Madoka☆Magica Gaiden 2nd Season - Kakusei Zenya,https://myanimelist.net/anime/41530/Magia_Record__Mahou_Shoujo_Madoka☆Magica_Gaiden_2nd_Season_-_Kakusei_Zenya,TV,Summer,2021,"Yakumo, Mitama",https://myanimelist.net/character/173726/Mitama_Yakumo,173726,Supporting,26
41710,Genjitsu Shugi Yuusha no Oukoku Saikenki,https://myanimelist.net/anime/41710/Genjitsu_Shugi_Yuusha_no_Oukoku_Saikenki,TV,Summer,2021,"Euphoria, Maria",https://myanimelist.net/character/191821/Maria_Euphoria,191821,Supporting,2
43691,Kageki Shoujo!!,https://myanimelist.net/anime/43691/Kageki_Shoujo,TV,Summer,2021,"Kozono, Momo",https://myanimelist.net/character/222575/Momo_Kozono,222575,Supporting,0
45572,Mahouka Koukou no Yuutousei,https://myanimelist.net/anime/45572/Mahouka_Koukou_no_Yuutousei,TV,Summer,2021,"Fujibayashi, Kyouko",https://myanimelist.net/character/108173/Kyouko_Fujibayashi,108173,Supporting,29
48614,Wonder Egg Priority: Watashi no Priority,https://myanimelist.net/anime/48614/Wonder_Egg_Priority__Watashi_no_Priority,TV Special,,2021,"Aonuma, Neiru",https://myanimelist.net/character/189258/Neiru_Aonuma,189258,Main,325
42192,Edens Zero,https://myanimelist.net/anime/42192/Edens_Zero,TV,Spring,2021,Milon,https://myanimelist.net/character/198215/Milon,198215,Supporting,1
40174,Zombieland Saga Revenge,https://myanimelist.net/anime/40174/Zombieland_Saga_Revenge,TV,Spring,2021,"Yamada, Tae",https://myanimelist.net/character/164582/Tae_Yamada,164582,Main,586
40685,Super Cub,https://myanimelist.net/anime/40685/Super_Cub,TV,Spring,2021,Reiko,https://myanimelist.net/character/181952/Reiko,181952,Main,80
41488,Tensura Nikki: Tensei shitara Slime Datta Ken,https://myanimelist.net/anime/41488/Tensura_Nikki__Tensei_shitara_Slime_Datta_Ken,TV,Spring,2021,"Izawa, Shizue",https://myanimelist.net/character/131934/Shizue_Izawa,131934,Supporting,804
41265,Mars Red,https://myanimelist.net/anime/41265/Mars_Red,TV,Spring,2021,"Nakajima, Misaki",https://myanimelist.net/character/182659/Misaki_Nakajima,182659,Supporting,7
40526,"Dragon, Ie wo Kau.",https://myanimelist.net/anime/40526/Dragon_Ie_wo_Kau,TV,Spring,2021,Albert,https://myanimelist.net/character/193847/Albert,193847,Supporting,0
41587,Boku no Hero Academia 5th Season,https://myanimelist.net/anime/41587/Boku_no_Hero_Academia_5th_Season,TV,Spring,2021,"Tokage, Setsuna",https://myanimelist.net/character/141601/Setsuna_Tokage,141601,Supporting,14
39166,Girls & Panzer: Saishuushou Part 3,https://myanimelist.net/anime/39166/Girls___Panzer__Saishuushou_Part_3,Movie,,2021,Ogin,https://myanimelist.net/character/161621/Ogin,161621,Supporting,3
43299,Wonder Egg Priority,https://myanimelist.net/anime/43299/Wonder_Egg_Priority,TV,Winter,2021,"Aonuma, Neiru",https://myanimelist.net/character/189258/Neiru_Aonuma,189258,Main,325
41694,Hataraku Saibou Black,https://myanimelist.net/anime/41694/Hataraku_Saibou_Black,TV,Winter,2021,Sertoli Saibou,https://myanimelist.net/character/199503/Sertoli_Saibou,199503,Supporting,0
41520,Show by Rock!! Stars!!,https://myanimelist.net/anime/41520/Show_by_Rock_Stars,TV,Winter,2021,A,https://myanimelist.net/character/122955/A,122955,Supporting,4
42203,Re:Zero kara Hajimeru Isekai Seikatsu 2nd Season Part 2,https://myanimelist.net/anime/42203/Re_Zero_kara_Hajimeru_Isekai_Seikatsu_2nd_Season_Part_2,TV,Winter,2021,"Baumann, Frederica",https://myanimelist.net/character/144073/Frederica_Baumann,144073,Supporting,124
43568,Hakumei no Tsubasa: Expansion - Hoshi no Matsuri,https://myanimelist.net/anime/43568/Hakumei_no_Tsubasa__Expansion_-_Hoshi_no_Matsuri,ONA,,2020,Mary,https://myanimelist.net/character/192916/Mary,192916,Supporting,69
40359,Ikebukuro West Gate Park,https://myanimelist.net/anime/40359/Ikebukuro_West_Gate_Park,TV,Fall,2020,"Yamashita, Meifaa",https://myanimelist.net/character/244965/Meifaa_Yamashita,244965,Supporting,0
41834,King's Raid: Ishi wo Tsugumono-tachi,https://myanimelist.net/anime/41834/Kings_Raid__Ishi_wo_Tsugumono-tachi,TV,Fall,2020,Maria,https://myanimelist.net/character/184865/Maria,184865,Supporting,6
41911,Hanyou no Yashahime: Sengoku Otogizoushi,https://myanimelist.net/anime/41911/Hanyou_no_Yashahime__Sengoku_Otogizoushi,TV,Fall,2020,Kyuki,https://myanimelist.net/character/262349/Kyuki,262349,Supporting,0
40550,Assault Lily: Bouquet,https://myanimelist.net/anime/40550/Assault_Lily__Bouquet,TV,Fall,2020,"Nouvel, Kaede Johan",https://myanimelist.net/character/174580/Kaede_Johan_Nouvel,174580,Main,27
39587,Re:Zero kara Hajimeru Isekai Seikatsu 2nd Season,https://myanimelist.net/anime/39587/Re_Zero_kara_Hajimeru_Isekai_Seikatsu_2nd_Season,TV,Summer,2020,"Baumann, Frederica",https://myanimelist.net/character/144073/Frederica_Baumann,144073,Supporting,124
39948,Muhyo to Rouji no Mahouritsu Soudan Jimusho 2nd Season,https://myanimelist.net/anime/39948/Muhyo_to_Rouji_no_Mahouritsu_Soudan_Jimusho_2nd_Season,TV,Summer,2020,"Satou, Kenji",https://myanimelist.net/character/166048/Kenji_Satou,166048,Supporting,0
40496,"Maou Gakuin no Futekigousha: Shijou Saikyou no Maou no Shiso, Tensei shite Shison-tachi no Gakkou e Kayou",https://myanimelist.net/anime/40496/Maou_Gakuin_no_Futekigousha__Shijou_Saikyou_no_Maou_no_Shiso_Tensei_shite_Shison-tachi_no_Gakkou_e_Kayou,TV,Summer,2020,"Ludowell, Emilia",https://myanimelist.net/character/185025/Emilia_Ludowell,185025,Supporting,20
40496,"Maou Gakuin no Futekigousha: Shijou Saikyou no Maou no Shiso, Tensei shite Shison-tachi no Gakkou e Kayou",https://myanimelist.net/anime/40496/Maou_Gakuin_no_Futekigousha__Shijou_Saikyou_no_Maou_no_Shiso_Tensei_shite_Shison-tachi_no_Gakkou_e_Kayou,TV,Summer,2020,"Arnest, Jessica",https://myanimelist.net/character/185598/Jessica_Arnest,185598,Supporting,1
40496,"Maou Gakuin no Futekigousha: Shijou Saikyou no Maou no Shiso, Tensei shite Shison-tachi no Gakkou e Kayou",https://myanimelist.net/anime/40496/Maou_Gakuin_no_Futekigousha__Shijou_Saikyou_no_Maou_no_Shiso_Tensei_shite_Shison-tachi_no_Gakkou_e_Kayou,TV,Summer,2020,"Nomad, Melissa",https://myanimelist.net/character/185605/Melissa_Nomad,185605,Supporting,1
38799,Koukaku Kidoutai: SAC_2045,https://myanimelist.net/anime/38799/Koukaku_Kidoutai__SAC_2045,ONA,,2020,"Mizukane, Suzuka",https://myanimelist.net/character/219687/Suzuka_Mizukane,219687,Supporting,0
39463,Gleipnir,https://myanimelist.net/anime/39463/Gleipnir,TV,Spring,2020,Hikawa,https://myanimelist.net/character/157031/Hikawa,157031,Supporting,5
39966,Tamayomi,https://myanimelist.net/anime/39966/Tamayomi,TV,Spring,2020,"Oomura, Shiragiku",https://myanimelist.net/character/178617/Shiragiku_Oomura,178617,Supporting,2
39017,Kyokou Suiri,https://myanimelist.net/anime/39017/Kyokou_Suiri,TV,Winter,2020,"Nanase, Hatsumi",https://myanimelist.net/character/205843/Hatsumi_Nanase,205843,Supporting,0
37890,Oshi ga Budoukan Ittekuretara Shinu,https://myanimelist.net/anime/37890/Oshi_ga_Budoukan_Ittekuretara_Shinu,TV,Winter,2020,"Igarashi​, Reo",https://myanimelist.net/character/176159/Reo_Igarashi​,176159,Supporting,2
38256,Magia Record: Mahou Shoujo Madoka☆Magica Gaiden,https://myanimelist.net/anime/38256/Magia_Record__Mahou_Shoujo_Madoka☆Magica_Gaiden,TV,Winter,2020,"Yakumo, Mitama",https://myanimelist.net/character/173726/Mitama_Yakumo,173726,Supporting,26
39388,Koisuru Asteroid,https://myanimelist.net/anime/39388/Koisuru_Asteroid,TV,Winter,2020,"Usami, Ayano",https://myanimelist.net/character/188600/Ayano_Usami,188600,Supporting,1
39196,Mairimashita! Iruma-kun,https://myanimelist.net/anime/39196/Mairimashita_Iruma-kun,TV,Fall,2019,Paimon,https://myanimelist.net/character/177459/Paimon,177459,Supporting,1
38328,Azur Lane,https://myanimelist.net/anime/38328/Azur_Lane,TV,Fall,2019,Kaga,https://myanimelist.net/character/174095/Kaga,174095,Main,90
38793,Tensei shitara Slime Datta Ken OVA,https://myanimelist.net/anime/38793/Tensei_shitara_Slime_Datta_Ken_OVA,OVA,,2019,"Izawa, Shizue",https://myanimelist.net/character/131934/Shizue_Izawa,131934,Supporting,804
37521,Vinland Saga,https://myanimelist.net/anime/37521/Vinland_Saga,TV,Summer,2019,Askeladd,https://myanimelist.net/character/13020/Askeladd,13020,Main,28339
38920,Kochouki: Wakaki Nobunaga,https://myanimelist.net/anime/38920/Kochouki__Wakaki_Nobunaga,TV,Summer,2019,Kichou,https://myanimelist.net/character/173290/Kichou,173290,Supporting,1
37926,Nakanohito Genome [Jikkyouchuu],https://myanimelist.net/anime/37926/Nakanohito_Genome_Jikkyouchuu,TV,Summer,2019,"Oshigiri, Sakura",https://myanimelist.net/character/173070/Sakura_Oshigiri,173070,Supporting,0
39198,Kanata no Astra,https://myanimelist.net/anime/39198/Kanata_no_Astra,TV,Summer,2019,"Lu, Yunhua",https://myanimelist.net/character/154218/Yunhua_Lu,154218,Main,35
39198,Kanata no Astra,https://myanimelist.net/anime/39198/Kanata_no_Astra,TV,Summer,2019,"Lu, Wei",https://myanimelist.net/character/156251/Wei_Lu,156251,Supporting,0
38081,Girls & Panzer: Saishuushou Part 2,https://myanimelist.net/anime/38081/Girls___Panzer__Saishuushou_Part_2,Movie,,2019,Ogin,https://myanimelist.net/character/161621/Ogin,161621,Supporting,3
38759,Sewayaki Kitsune no Senko-san,https://myanimelist.net/anime/38759/Sewayaki_Kitsune_no_Senko-san,TV,Spring,2019,Sora,https://myanimelist.net/character/171278/Sora,171278,Supporting,65
37952,Shoumetsu Toshi,https://myanimelist.net/anime/37952/Shoumetsu_Toshi,TV,Spring,2019,Yumiko,https://myanimelist.net/character/162532/Yumiko,162532,Supporting,0
38098,Mix: Meisei Story,https://myanimelist.net/anime/38098/Mix__Meisei_Story,TV,Spring,2019,Narrator,https://myanimelist.net/character/170274/Narrator,170274,Supporting,1
34620,Kono Yo no Hate de Koi wo Utau Shoujo YU-NO,https://myanimelist.net/anime/34620/Kono_Yo_no_Hate_de_Koi_wo_Utau_Shoujo_YU-NO,TV,Spring,2019,"Arima, Ayumi",https://myanimelist.net/character/169970/Ayumi_Arima,169970,Supporting,9
37516,City Hunter Movie: Shinjuku Private Eyes,https://myanimelist.net/anime/37516/City_Hunter_Movie__Shinjuku_Private_Eyes,Movie,,2019,"Kisugi, Rui",https://myanimelist.net/character/10057/Rui_Kisugi,10057,Supporting,25
38162,Rinshi!! Ekoda-chan,https://myanimelist.net/anime/38162/Rinshi_Ekoda-chan,TV,Winter,2019,Ekoda-chan,https://myanimelist.net/character/167803/Ekoda-chan,167803,Main,4
34209,Meiji Tokyo Renka,https://myanimelist.net/anime/34209/Meiji_Tokyo_Renka,TV,Winter,2019,"Higuchi, Ichiyou",https://myanimelist.net/character/168355/Ichiyou_Higuchi,168355,Supporting,0
38768,Black Clover: Jump Festa 2018 Special,https://myanimelist.net/anime/38768/Black_Clover__Jump_Festa_2018_Special,Special,,2018,"Aquaria, Lily",https://myanimelist.net/character/149302/Lily_Aquaria,149302,Supporting,35
36037,Senran Kagura Shinovi Master: Tokyo Youma-hen,https://myanimelist.net/anime/36037/Senran_Kagura_Shinovi_Master__Tokyo_Youma-hen,TV,Fall,2018,Murakumo,https://myanimelist.net/character/121097/Murakumo,121097,Supporting,10
35972,Fairy Tail: Final Series,https://myanimelist.net/anime/35972/Fairy_Tail__Final_Series,TV,Fall,2018,"Lockser, Juvia",https://myanimelist.net/character/9719/Juvia_Lockser,9719,Supporting,3699
35972,Fairy Tail: Final Series,https://myanimelist.net/anime/35972/Fairy_Tail__Final_Series,TV,Fall,2018,Frosch,https://myanimelist.net/character/51183/Frosch,51183,Supporting,414
36510,Ulysses: Jehanne Darc to Renkin no Kishi,https://myanimelist.net/anime/36510/Ulysses__Jehanne_Darc_to_Renkin_no_Kishi,TV,Fall,2018,La Hire,https://myanimelist.net/character/155926/La_Hire,155926,Main,11
37991,JoJo no Kimyou na Bouken Part 5: Ougon no Kaze,https://myanimelist.net/anime/37991/JoJo_no_Kimyou_na_Bouken_Part_5__Ougon_no_Kaze,TV,Fall,2018,"Una, Donatella",https://myanimelist.net/character/154949/Donatella_Una,154949,Supporting,0
36432,Toaru Majutsu no Index III,https://myanimelist.net/anime/36432/Toaru_Majutsu_no_Index_III,TV,Fall,2018,Carissa,https://myanimelist.net/character/39982/Carissa,39982,Supporting,3
37976,Zombieland Saga,https://myanimelist.net/anime/37976/Zombieland_Saga,TV,Fall,2018,"Yamada, Tae",https://myanimelist.net/character/164582/Tae_Yamada,164582,Main,586
37450,Seishun Buta Yarou wa Bunny Girl Senpai no Yume wo Minai,https://myanimelist.net/anime/37450/Seishun_Buta_Yarou_wa_Bunny_Girl_Senpai_no_Yume_wo_Minai,TV,Fall,2018,"Kamisato, Saki",https://myanimelist.net/character/167531/Saki_Kamisato,167531,Supporting,31
37450,Seishun Buta Yarou wa Bunny Girl Senpai no Yume wo Minai,https://myanimelist.net/anime/37450/Seishun_Buta_Yarou_wa_Bunny_Girl_Senpai_no_Yume_wo_Minai,TV,Fall,2018,Aya,https://myanimelist.net/character/239298/Aya,239298,Supporting,0
37450,Seishun Buta Yarou wa Bunny Girl Senpai no Yume wo Minai,https://myanimelist.net/anime/37450/Seishun_Buta_Yarou_wa_Bunny_Girl_Senpai_no_Yume_wo_Minai,TV,Fall,2018,"Nakago, Ranko",https://myanimelist.net/character/239455/Ranko_Nakago,239455,Supporting,1
37430,Tensei shitara Slime Datta Ken,https://myanimelist.net/anime/37430/Tensei_shitara_Slime_Datta_Ken,TV,Fall,2018,"Izawa, Shizue",https://myanimelist.net/character/131934/Shizue_Izawa,131934,Supporting,804
35425,"Donten ni Warau Gaiden: Ouka, Tenbou no Kakehashi",https://myanimelist.net/anime/35425/Donten_ni_Warau_Gaiden__Ouka_Tenbou_no_Kakehashi,Movie,,2018,Ageha,https://myanimelist.net/character/235083/Ageha,235083,Supporting,0
37487,Muhyo to Rouji no Mahouritsu Soudan Jimusho,https://myanimelist.net/anime/37487/Muhyo_to_Rouji_no_Mahouritsu_Soudan_Jimusho,TV,Summer,2018,"Satou, Kenji",https://myanimelist.net/character/166048/Kenji_Satou,166048,Supporting,0
35760,Shingeki no Kyojin Season 3,https://myanimelist.net/anime/35760/Shingeki_no_Kyojin_Season_3,TV,Summer,2018,"Reiss, Frieda",https://myanimelist.net/character/146020/Frieda_Reiss,146020,Supporting,25
36817,Sunohara-sou no Kanrinin-san,https://myanimelist.net/anime/36817/Sunohara-sou_no_Kanrinin-san,TV,Summer,2018,"Shiina, Matsuri",https://myanimelist.net/character/164868/Matsuri_Shiina,164868,Supporting,10
37259,Hanebado!,https://myanimelist.net/anime/37259/Hanebado,TV,Summer,2018,"Aragaki, Nagisa",https://myanimelist.net/character/158926/Nagisa_Aragaki,158926,Main,125
34281,High School DxD Hero,https://myanimelist.net/anime/34281/High_School_DxD_Hero,TV,Spring,2018,"Sabnock, Misteeta",https://myanimelist.net/character/241428/Misteeta_Sabnock,241428,Supporting,0
36456,Boku no Hero Academia 3rd Season,https://myanimelist.net/anime/36456/Boku_no_Hero_Academia_3rd_Season,TV,Spring,2018,"Tokage, Setsuna",https://myanimelist.net/character/141601/Setsuna_Tokage,141601,Supporting,14
31433,Ginga Eiyuu Densetsu: Die Neue These - Kaikou,https://myanimelist.net/anime/31433/Ginga_Eiyuu_Densetsu__Die_Neue_These_-_Kaikou,TV,Spring,2018,"Edwards, Jessica",https://myanimelist.net/character/19468/Jessica_Edwards,19468,Supporting,33
36511,Tokyo Ghoul:re,https://myanimelist.net/anime/36511/Tokyo_Ghoul_re,TV,Spring,2018,"Satomi, Shion ",https://myanimelist.net/character/161733/Shion__Satomi,161733,Supporting,0
35073,Overlord II,https://myanimelist.net/anime/35073/Overlord_II,TV,Winter,2018,Bukubukuchagama,https://myanimelist.net/character/116295/Bukubukuchagama,116295,Supporting,4
34863,Zoku Touken Ranbu: Hanamaru,https://myanimelist.net/anime/34863/Zoku_Touken_Ranbu__Hanamaru,TV,Winter,2018,Hotarumaru,https://myanimelist.net/character/134406/Hotarumaru,134406,Supporting,34
33970,Girls & Panzer: Saishuushou Part 1,https://myanimelist.net/anime/33970/Girls___Panzer__Saishuushou_Part_1,Movie,,2017,Ogin,https://myanimelist.net/character/161621/Ogin,161621,Supporting,3
35427,Animegataris,https://myanimelist.net/anime/35427/Animegataris,TV,Fall,2017,"Asagaya, Minoa",https://myanimelist.net/character/150271/Minoa_Asagaya,150271,Main,28
34451,Kekkai Sensen & Beyond,https://myanimelist.net/anime/34451/Kekkai_Sensen___Beyond,TV,Fall,2017,Anila,https://myanimelist.net/character/157449/Anila,157449,Supporting,2
35062,Mahoutsukai no Yome,https://myanimelist.net/anime/35062/Mahoutsukai_no_Yome,TV,Fall,2017,Heralds of Yule A,https://myanimelist.net/character/183949/Heralds_of_Yule_A,183949,Supporting,0
36027,Ousama Game The Animation,https://myanimelist.net/anime/36027/Ousama_Game_The_Animation,TV,Fall,2017,"Ishii, Satomi",https://myanimelist.net/character/153364/Satomi_Ishii,153364,Supporting,0
35241,Konohana Kitan,https://myanimelist.net/anime/35241/Konohana_Kitan,TV,Fall,2017,Satsuki,https://myanimelist.net/character/145461/Satsuki,145461,Main,101
34572,Black Clover,https://myanimelist.net/anime/34572/Black_Clover,TV,Fall,2017,"Aquaria, Lily",https://myanimelist.net/character/149302/Lily_Aquaria,149302,Supporting,35
34644,Brave Witches: Petersburg Daisenryaku,https://myanimelist.net/anime/34644/Brave_Witches__Petersburg_Daisenryaku,Special,,2017,"Shimohara, Sadako",https://myanimelist.net/character/138532/Sadako_Shimohara,138532,Main,3
34280,Gamers!,https://myanimelist.net/anime/34280/Gamers,TV,Summer,2017,"Oiso, Nina",https://myanimelist.net/character/148638/Nina_Oiso,148638,Supporting,17
35507,Youkoso Jitsuryoku Shijou Shugi no Kyoushitsu e,https://myanimelist.net/anime/35507/Youkoso_Jitsuryoku_Shijou_Shugi_no_Kyoushitsu_e,TV,Summer,2017,"Wang, Mei Yu",https://myanimelist.net/character/153521/Mei_Yu_Wang,153521,Supporting,4
35203,Isekai wa Smartphone to Tomo ni.,https://myanimelist.net/anime/35203/Isekai_wa_Smartphone_to_Tomo_ni,TV,Summer,2017,Tsubaki,https://myanimelist.net/character/154771/Tsubaki,154771,Supporting,5
34525,Centaur no Nayami,https://myanimelist.net/anime/34525/Centaur_no_Nayami,TV,Summer,2017,Maki-chan,https://myanimelist.net/character/154926/Maki-chan,154926,Supporting,0
34902,Tsurezure Children,https://myanimelist.net/anime/34902/Tsurezure_Children,TV,Summer,2017,"Caulfield, Patricia",https://myanimelist.net/character/139284/Patricia_Caulfield,139284,Supporting,6
34012,Isekai Shokudou,https://myanimelist.net/anime/34012/Isekai_Shokudou,TV,Summer,2017,Fardania,https://myanimelist.net/character/153078/Fardania,153078,Supporting,4
34104,Knight's & Magic,https://myanimelist.net/anime/34104/Knights___Magic,TV,Summer,2017,Philia,https://myanimelist.net/character/132039/Philia,132039,Supporting,0
34834,Hina Logi: From Luck & Logic,https://myanimelist.net/anime/34834/Hina_Logi__From_Luck___Logic,TV,Summer,2017,"Kiritani, Karen",https://myanimelist.net/character/152172/Karen_Kiritani,152172,Supporting,0
35315,ChäoS;Child: Silent Sky,https://myanimelist.net/anime/35315/ChäoS_Child__Silent_Sky,Movie,,2017,"Kunosato, Mio",https://myanimelist.net/character/144141/Mio_Kunosato,144141,Supporting,34
30778,Fairy Tail Movie 2: Dragon Cry,https://myanimelist.net/anime/30778/Fairy_Tail_Movie_2__Dragon_Cry,Movie,,2017,Riana,https://myanimelist.net/character/152050/Riana,152050,Supporting,1
33834,Sin: Nanatsu no Taizai,https://myanimelist.net/anime/33834/Sin__Nanatsu_no_Taizai,TV,Spring,2017,Satan,https://myanimelist.net/character/144368/Satan,144368,Main,30
32032,Seikaisuru Kado,https://myanimelist.net/anime/32032/Seikaisuru_Kado,TV,Spring,2017,"Fukamizu, Sophie",https://myanimelist.net/character/148106/Sophie_Fukamizu,148106,Supporting,0
34566,Boruto: Naruto Next Generations,https://myanimelist.net/anime/34566/Boruto__Naruto_Next_Generations,TV,Spring,2017,"Funato, Seiren",https://myanimelist.net/character/237204/Seiren_Funato,237204,Supporting,0
30485,ChäoS;Child,https://myanimelist.net/anime/30485/ChäoS_Child,TV,Winter,2017,"Kunosato, Mio",https://myanimelist.net/character/144141/Mio_Kunosato,144141,Supporting,34
33089,Kemono Friends,https://myanimelist.net/anime/33089/Kemono_Friends,TV,Winter,2017,Koutei Penguin,https://myanimelist.net/character/145511/Koutei_Penguin,145511,Supporting,5
32878,ēlDLIVE,https://myanimelist.net/anime/32878/ēlDLIVE,TV,Winter,2017,"Sonokata, Misuzu",https://myanimelist.net/character/90419/Misuzu_Sonokata,90419,Main,15
28833,Chain Chronicle: Haecceitas no Hikari,https://myanimelist.net/anime/28833/Chain_Chronicle__Haecceitas_no_Hikari,TV,Winter,2017,Phoena,https://myanimelist.net/character/111513/Phoena,111513,Main,26
33743,Fuuka,https://myanimelist.net/anime/33743/Fuuka,TV,Winter,2017,"Mikasa, Mikoto",https://myanimelist.net/character/149043/Mikoto_Mikasa,149043,Supporting,2
33487,Masamune-kun no Revenge,https://myanimelist.net/anime/33487/Masamune-kun_no_Revenge,TV,Winter,2017,"Kiba, Kikune",https://myanimelist.net/character/146231/Kikune_Kiba,146231,Supporting,19
34414,Nanbaka 2,https://myanimelist.net/anime/34414/Nanbaka_2,ONA,,2017,"Sanzou, Noriko",https://myanimelist.net/character/136866/Noriko_Sanzou,136866,Supporting,1
34051,Akiba's Trip The Animation,https://myanimelist.net/anime/34051/Akibas_Trip_The_Animation,TV,Winter,2017,"Mayonaka, Fukame",https://myanimelist.net/character/149748/Fukame_Mayonaka,149748,Supporting,0
32866,Brave Witches,https://myanimelist.net/anime/32866/Brave_Witches,TV,Fall,2016,"Shimohara, Sadako",https://myanimelist.net/character/138532/Sadako_Shimohara,138532,Main,3
32686,Keijo!!!!!!!!,https://myanimelist.net/anime/32686/Keijo,TV,Fall,2016,"Kobayakawa, Miku",https://myanimelist.net/character/145260/Miku_Kobayakawa,145260,Supporting,2
32995,Yuri!!! on Ice,https://myanimelist.net/anime/32995/Yuri_on_Ice,TV,Fall,2016,"Yang, Isabella",https://myanimelist.net/character/147018/Isabella_Yang,147018,Supporting,0
33023,Touken Ranbu: Hanamaru,https://myanimelist.net/anime/33023/Touken_Ranbu__Hanamaru,TV,Fall,2016,Hotarumaru,https://myanimelist.net/character/134406/Hotarumaru,134406,Supporting,34
32038,Show By Rock!! #,https://myanimelist.net/anime/32038/Show_By_Rock_,TV,Fall,2016,A,https://myanimelist.net/character/122955/A,122955,Supporting,4
33190,Planetarian: Hoshi no Hito,https://myanimelist.net/anime/33190/Planetarian__Hoshi_no_Hito,Movie,,2016,Eremiya,https://myanimelist.net/character/143499/Eremiya,143499,Supporting,0
32648,Handa-kun,https://myanimelist.net/anime/32648/Handa-kun,TV,Summer,2016,"Miyamae, Musubu",https://myanimelist.net/character/261444/Musubu_Miyamae,261444,Supporting,0
32039,Show By Rock!! Short!!,https://myanimelist.net/anime/32039/Show_By_Rock_Short,TV,Summer,2016,A,https://myanimelist.net/character/122955/A,122955,Supporting,4
32772,Puzzle & Dragons Cross,https://myanimelist.net/anime/32772/Puzzle___Dragons_Cross,TV,Summer,2016,Haru,https://myanimelist.net/character/142332/Haru,142332,Supporting,0
33255,Saiki Kusuo no Ψ-nan,https://myanimelist.net/anime/33255/Saiki_Kusuo_no_Ψ-nan,TV,Summer,2016,Pushii,https://myanimelist.net/character/145345/Pushii,145345,Supporting,1
33558,Tales of Zestiria the Cross: Saiyaku no Jidai,https://myanimelist.net/anime/33558/Tales_of_Zestiria_the_Cross__Saiyaku_no_Jidai,Special,,2016,Gannet,https://myanimelist.net/character/142302/Gannet,142302,Supporting,2
31109,Hatsukoi Monster,https://myanimelist.net/anime/31109/Hatsukoi_Monster,TV,Summer,2016,"Yokouchi, Chiaki",https://myanimelist.net/character/142381/Chiaki_Yokouchi,142381,Supporting,0
31564,Sansha Sanyou,https://myanimelist.net/anime/31564/Sansha_Sanyou,TV,Spring,2016,"Kondou, Asako",https://myanimelist.net/character/138183/Asako_Kondou,138183,Supporting,3
31338,Hundred,https://myanimelist.net/anime/31338/Hundred,TV,Spring,2016,"Kisaragi, Karen",https://myanimelist.net/character/137651/Karen_Kisaragi,137651,Main,11
30711,Code Geass: Boukoku no Akito 5 - Itoshiki Mono-tachi e,https://myanimelist.net/anime/30711/Code_Geass__Boukoku_no_Akito_5_-_Itoshiki_Mono-tachi_e,Movie,,2016,"Novak, Kate",https://myanimelist.net/character/66503/Kate_Novak,66503,Supporting,1
32214,Koukaku no Pandora,https://myanimelist.net/anime/32214/Koukaku_no_Pandora,TV,Winter,2016,Billy's Mother,https://myanimelist.net/character/260085/Billy_039_s_Mother,260085,Supporting,0
31442,Musaigen no Phantom World,https://myanimelist.net/anime/31442/Musaigen_no_Phantom_World,TV,Winter,2016,Reina's Mother,https://myanimelist.net/character/255344/Reina_039_s_Mother,255344,Supporting,0
29976,Dance with Devils,https://myanimelist.net/anime/29976/Dance_with_Devils,TV,Fall,2015,"Tachibana, Ritsuka",https://myanimelist.net/character/124628/Ritsuka_Tachibana,124628,Main,23
25099,"Ore ga Ojousama Gakkou ni ""Shomin Sample"" Toshite Gets♥Sareta Ken",https://myanimelist.net/anime/25099/Ore_ga_Ojousama_Gakkou_ni_Shomin_Sample_Toshite_Gets♥Sareta_Ken,TV,Fall,2015,"Kiryuu, Sumire",https://myanimelist.net/character/134187/Sumire_Kiryuu,134187,Supporting,0
31147,Concrete Revolutio: Choujin Gensou,https://myanimelist.net/anime/31147/Concrete_Revolutio__Choujin_Gensou,TV,Fall,2015,Jackie,https://myanimelist.net/character/135460/Jackie,135460,Supporting,0
31374,Shingeki! Kyojin Chuugakkou,https://myanimelist.net/anime/31374/Shingeki_Kyojin_Chuugakkou,TV,Fall,2015,"Reiss, Frieda",https://myanimelist.net/character/146020/Frieda_Reiss,146020,Supporting,25
30503,Noragami Aragoto,https://myanimelist.net/anime/30503/Noragami_Aragoto,TV,Fall,2015,"Yamashita, Akira",https://myanimelist.net/character/94631/Akira_Yamashita,94631,Supporting,1
25283,Kuusen Madoushi Kouhosei no Kyoukan,https://myanimelist.net/anime/25283/Kuusen_Madoushi_Kouhosei_no_Kyoukan,TV,Summer,2015,"Flamel, Rico",https://myanimelist.net/character/110423/Rico_Flamel,110423,Main,8
30782,Bikini Warriors,https://myanimelist.net/anime/30782/Bikini_Warriors,TV,Summer,2015,Dark Elf,https://myanimelist.net/character/128924/Dark_Elf,128924,Main,11
29803,Overlord,https://myanimelist.net/anime/29803/Overlord,TV,Summer,2015,Bukubukuchagama,https://myanimelist.net/character/116295/Bukubukuchagama,116295,Supporting,4
30694,Dragon Ball Super,https://myanimelist.net/anime/30694/Dragon_Ball_Super,TV,Summer,2015,Kale,https://myanimelist.net/character/151307/Kale,151307,Supporting,26
30694,Dragon Ball Super,https://myanimelist.net/anime/30694/Dragon_Ball_Super,TV,Summer,2015,Kefla,https://myanimelist.net/character/157075/Kefla,157075,Supporting,45
15201,Code Geass: Boukoku no Akito 4 - Nikushimi no Kioku kara,https://myanimelist.net/anime/15201/Code_Geass__Boukoku_no_Akito_4_-_Nikushimi_no_Kioku_kara,Movie,,2015,"Novak, Kate",https://myanimelist.net/character/66503/Kate_Novak,66503,Supporting,1
28387,Joukamachi no Dandelion,https://myanimelist.net/anime/28387/Joukamachi_no_Dandelion,TV,Summer,2015,"Saotome, Reiko",https://myanimelist.net/character/118517/Reiko_Saotome,118517,Supporting,0
15199,Code Geass: Boukoku no Akito 3 - Kagayaku Mono Ten yori Otsu,https://myanimelist.net/anime/15199/Code_Geass__Boukoku_no_Akito_3_-_Kagayaku_Mono_Ten_yori_Otsu,Movie,,2015,"Novak, Kate",https://myanimelist.net/character/66503/Kate_Novak,66503,Supporting,1
27441,Show By Rock!!,https://myanimelist.net/anime/27441/Show_By_Rock,TV,Spring,2015,A,https://myanimelist.net/character/122955/A,122955,Supporting,4
29589,Denpa Kyoushi,https://myanimelist.net/anime/29589/Denpa_Kyoushi,TV,Spring,2015,"Shikishima, Kiriko",https://myanimelist.net/character/70201/Kiriko_Shikishima,70201,Supporting,5
26441,Junketsu no Maria,https://myanimelist.net/anime/26441/Junketsu_no_Maria,TV,Winter,2015,Dorothy,https://myanimelist.net/character/129356/Dorothy,129356,Supporting,0
21511,Kantai Collection: KanColle,https://myanimelist.net/anime/21511/Kantai_Collection__KanColle,TV,Winter,2015,Hiei,https://myanimelist.net/character/116401/Hiei,116401,Supporting,18
25681,Kamisama Hajimemashita◎,https://myanimelist.net/anime/25681/Kamisama_Hajimemashita◎,TV,Winter,2015,Izanami,https://myanimelist.net/character/154555/Izanami,154555,Supporting,0
25397,Absolute Duo,https://myanimelist.net/anime/25397/Absolute_Duo,TV,Winter,2015,Beatrix,https://myanimelist.net/character/125874/Beatrix,125874,Supporting,7
23311,Garo: Honoo no Kokuin,https://myanimelist.net/anime/23311/Garo__Honoo_no_Kokuin,TV,Fall,2014,Esmeralda,https://myanimelist.net/character/113375/Esmeralda,113375,Supporting,0
20785,Mahouka Koukou no Rettousei,https://myanimelist.net/anime/20785/Mahouka_Koukou_no_Rettousei,TV,Spring,2014,"Fujibayashi, Kyouko",https://myanimelist.net/character/108173/Kyouko_Fujibayashi,108173,Supporting,29
22043,Fairy Tail (2014),https://myanimelist.net/anime/22043/Fairy_Tail_2014,TV,Spring,2014,Frosch,https://myanimelist.net/character/51183/Frosch,51183,Supporting,414
18001,Freezing Vibration,https://myanimelist.net/anime/18001/Freezing_Vibration,TV,Fall,2013,"Ala, Joan",https://myanimelist.net/character/49073/Joan_Ala,49073,Supporting,0
15197,Code Geass: Boukoku no Akito 2 - Hikisakareshi Yokuryuu,https://myanimelist.net/anime/15197/Code_Geass__Boukoku_no_Akito_2_-_Hikisakareshi_Yokuryuu,Movie,,2013,"Novak, Kate",https://myanimelist.net/character/66503/Kate_Novak,66503,Supporting,1
8888,Code Geass: Boukoku no Akito 1 - Yokuryuu wa Maiorita,https://myanimelist.net/anime/8888/Code_Geass__Boukoku_no_Akito_1_-_Yokuryuu_wa_Maiorita,Movie,,2012,"Novak, Kate",https://myanimelist.net/character/66503/Kate_Novak,66503,Supporting,1
12189,Hyouka,https://myanimelist.net/anime/12189/Hyouka,TV,Spring,2012,"Yuasa, Shouko",https://myanimelist.net/character/65631/Shouko_Yuasa,65631,Supporting,3
6702,Fairy Tail,https://myanimelist.net/anime/6702/Fairy_Tail,TV,Fall,2009,Frosch,https://myanimelist.net/character/51183/Frosch,51183,Supporting,414
5291,Hokuto no Ken Zero: Kenshirou Den,https://myanimelist.net/anime/5291/Hokuto_no_Ken_Zero__Kenshirou_Den,Movie,,2008,Danne,https://myanimelist.net/character/237500/Danne,237500,Supporting,0
21,One Piece,https://myanimelist.net/anime/21/One_Piece,TV,Fall,1999,Kairen,https://myanimelist.net/character/56733/Kairen,56733,Supporting,1
21,One Piece,https://myanimelist.net/anime/21/One_Piece,TV,Fall,1999,Olive,https://myanimelist.net/character/109409/Olive,109409,Supporting,1
21,One Piece,https://myanimelist.net/anime/21/One_Piece,TV,Fall,1999,"Charlotte, Smoothie",https://myanimelist.net/character/154258/Smoothie_Charlotte,154258,Supporting,5
21,One Piece,https://myanimelist.net/anime/21/One_Piece,TV,Fall,1999,Elmy,https://myanimelist.net/character/161856/Elmy,161856,Supporting,0
